3 0 44 8 40 35 7 21 20 16
10 9 3 11 0 26 39 43 15 48
6 19 46 0 20 10 40 18 28 29
6 42 29 21 11 20 27 43 30 7
9 45 21 4 46 7 2 48 10 40
46 28 20 1 48 42 2 32 49 36
45 27 7 3 18 32 40 16 43 10
48 22 29 7 21 12 34 3 44 4
15 36 25 8 16 42 46 26 11 43
45 4 16 43 28 19 8 31 20 46
40 46 29 36 11 48 19 35 18 27
2 21 12 0 31 26 20 28 32 40
46 12 39 11 35 21 20 37 31 1
40 10 28 45 19 36 25 1 31 49
9 18 26 34 49 48 11 44 40 15
0 44 8 48 28 32 34 49 3 2
32 0 43 40 44 7 25 19 3 28
44 26 6 21 7 4 18 46 15 3
11 44 29 42 20 35 46 4 27 25
42 26 27 15 22 21 32 25 12 6
42 3 36 0 11 18 39 27 30 40
34 10 48 32 4 27 26 16 25 29
15 31 46 42 29 43 21 37 7 48
7 46 44 37 45 32 39 10 18 12
16 35 36 30 49 48 27 18 31 20
18 9 25 10 20 37 4 31 8 0
3 31 4 48 26 30 49 45 46 2
34 7 30 31 49 22 6 35 19 46
45 30 18 29 46 1 6 37 34 11
8 43 18 3 32 39 11 29 21 16
35 46 36 32 19 0 3 10 49 26
34 12 10 39 18 31 36 6 11 42
9 10 20 44 21 29 6 3 2 1
28 15 21 3 32 40 39 0 31 37
49 39 28 42 7 44 4 1 6 45
30 0 46 34 36 42 9 12 22 15
30 43 44 21 32 6 37 46 28 27
42 40 44 18 21 2 46 39 34 49
44 8 4 46 22 7 1 39 34 12
15 0 46 27 26 11 36 9 37 29
6 0 20 42 25 3 32 49 11 29
46 43 40 16 26 12 39 30 29 22
43 25 40 18 11 29 48 16 44 21
40 11 19 44 3 9 45 6 7 8
35 45 36 37 48 19 9 12 44 10
45 7 46 9 35 2 11 6 10 48
25 29 15 7 6 3 0 22 32 9
0 7 21 12 44 46 36 27 26 9
10 25 4 36 20 39 21 12 40 11
15 30 37 18 2 36 34 7 9 8
49 11 1 20 31 34 8 15 28 43
22 20 32 27 36 46 35 12 48 16
43 19 21 7 39 15 8 20 1 36
6 30 25 9 48 26 46 12 31 35
42 32 29 49 48 21 15 27 4 19
35 0 26 18 46 25 28 36 20 15
8 35 18 2 6 4 27 46 32 45
49 12 9 25 32 28 11 3 45 37
16 3 25 39 0 26 29 6 11 27
27 32 49 40 19 29 18 7 6 4
6 20 21 19 11 48 39 3 8 15
12 37 25 7 40 36 8 22 42 27
2 20 43 21 8 29 15 3 36 22
8 35 10 21 19 46 34 45 26 0
20 29 22 1 46 27 12 49 15 0
32 21 42 48 34 18 31 6 26 2
44 45 12 20 2 9 22 49 34 1
1 46 18 21 0 6 36 11 15 2
29 30 8 36 9 45 18 20 48 42
20 1 49 46 26 44 10 0 9 27
15 28 8 39 49 31 19 34 3 20
34 28 10 4 49 46 29 18 19 30
22 19 8 6 30 29 45 11 10 25
36 7 19 2 4 34 30 0 16 46
30 37 32 22 9 27 21 20 28 44
22 37 0 30 43 19 29 45 35 7
30 1 48 15 46 10 39 27 9 32
16 1 42 44 45 46 29 40 39 31
0 1 45 35 12 19 28 37 31 36
31 6 12 46 16 4 29 3 20 7
46 48 9 39 21 3 30 12 45 32
37 49 15 30 8 44 46 35 39 48
8 28 11 19 30 40 12 10 9 45
7 22 9 39 40 34 49 20 36 43
35 39 21 18 32 42 25 28 20 16
22 9 49 28 29 45 10 48 4 16
3 27 32 0 45 16 30 12 15 21
29 21 3 19 35 6 9 15 44 30
42 49 10 7 27 37 19 44 18 32
31 12 43 7 27 45 42 16 37 28
4 39 27 31 10 37 45 44 18 15
4 7 30 28 48 21 27 20 25 15
0 25 43 7 48 9 15 12 28 18
0 42 3 9 36 6 21 31 30 29
22 19 35 34 9 15 42 46 40 0
31 40 35 43 8 7 48 11 9 25
1 16 34 2 48 31 4 11 35 10
1 0 40 8 37 2 29 19 46 44
6 42 18 37 16 46 1 19 49 36
6 12 22 43 27 46 49 0 9 31
8 39 0 45 11 35 42 44 12 46
1 7 46 21 28 12 40 35 20 11
18 35 1 20 4 12 2 25 42 40
36 10 3 15 6 7 48 9 8 4
39 26 21 1 7 34 25 40 31 35
45 10 11 18 2 36 12 39 21 40
30 44 0 25 48 49 46 27 32 43
40 3 12 20 15 9 44 18 43 0
26 8 27 16 28 18 22 36 7 39
40 6 22 45 49 4 15 7 30 29
22 2 18 6 16 44 46 42 25 43
0 45 32 30 26 31 1 10 9 8
0 27 28 31 37 1 29 30 39 15
21 9 48 37 19 0 40 4 11 43
32 39 42 29 20 44 9 4 15 35
10 49 15 45 34 1 9 36 12 3
1 43 7 32 48 0 35 34 16 49
48 27 18 32 30 6 8 16 46 1
27 25 34 8 7 12 39 28 0 30
3 49 37 0 8 4 40 29 25 10
48 21 46 27 28 0 36 2 19 15
32 48 43 49 16 26 1 18 36 42
42 27 21 30 22 37 46 49 15 6
7 32 34 0 11 10 49 21 28 42
28 20 27 43 39 26 32 2 16 21
26 9 30 19 11 2 4 35 44 27
39 48 4 27 10 18 0 15 6 11
43 18 35 9 21 25 36 11 2 7
0 21 48 43 44 25 8 46 34 28
16 27 7 6 37 49 22 4 10 35
32 42 4 11 9 26 27 37 40 29
8 20 26 15 27 7 31 48 18 42
49 25 36 30 2 26 27 3 19 44
3 31 28 10 26 9 48 20 35 7
27 48 45 39 44 10 49 43 19 4
46 39 48 8 45 49 15 26 9 32
44 37 4 35 32 28 49 9 15 10
18 32 48 30 4 29 37 0 3 46
1 9 7 0 27 18 10 4 49 22
34 39 15 12 43 40 36 4 9 27
30 2 48 21 10 6 49 46 1 34
22 32 18 45 30 10 25 20 8 37
15 12 30 6 36 32 27 46 31 26
4 30 45 22 28 43 20 32 19 10
9 26 11 20 49 44 43 6 7 42
8 7 35 22 19 20 12 16 37 29
27 34 46 29 45 25 18 22 37 39
32 2 1 45 46 26 10 29 7 0
45 39 48 10 11 37 34 18 3 21
21 36 40 35 6 39 46 48 32 37
3 19 18 28 40 46 11 26 31 37
7 37 35 2 34 29 26 19 15 8
28 43 46 31 8 15 22 42 1 19
43 16 36 44 34 39 3 49 28 2
6 30 34 28 26 49 10 37 11 18
42 16 11 44 1 12 35 32 3 2
19 26 18 32 12 27 25 39 0 8
22 20 6 10 15 42 4 44 31 0
10 37 31 43 35 48 9 25 45 15
31 18 4 11 43 35 40 0 12 3
39 44 18 19 9 20 35 31 2 26
46 12 15 8 28 29 31 20 40 10
45 10 16 11 2 49 46 22 12 18
43 44 6 3 9 31 29 42 21 1
32 35 0 26 39 1 18 49 3 37
6 4 9 30 37 2 1 45 28 44
20 48 7 39 44 30 3 9 27 4
45 21 29 49 15 46 6 16 19 8
2 25 1 39 42 36 31 44 34 20
31 2 28 0 1 19 3 32 39 26
7 19 12 8 0 48 9 34 21 30
4 0 32 8 18 1 9 34 29 44
27 15 34 35 21 40 49 12 45 0
35 2 18 11 19 30 21 29 22 12
49 29 31 19 48 42 30 43 25 32
34 30 0 19 42 18 6 27 10 8
45 30 15 22 49 44 4 42 32 8
3 40 18 42 12 9 20 36 39 44
10 16 35 44 2 20 7 28 29 12
11 26 35 29 19 46 45 37 28 40
31 10 18 44 34 19 43 36 4 9
7 18 19 30 40 39 35 9 2 8
18 43 49 3 16 28 27 2 10 39
20 35 30 0 10 42 36 26 21 40
44 37 2 32 11 18 27 4 36 26
18 22 28 4 32 27 6 7 43 30
9 31 45 28 21 19 12 1 20 36
40 25 43 44 49 20 36 37 1 4
10 31 32 36 25 44 27 6 19 48
12 36 29 27 19 32 10 7 40 3
45 31 15 18 4 27 8 7 10 12
7 40 12 46 28 34 6 22 49 8
40 45 16 39 48 4 15 19 0 11
2 27 46 12 42 32 3 44 45 29
11 19 49 3 21 4 32 27 40 7
15 12 49 22 29 0 4 42 28 43
8 21 37 34 44 19 16 35 46 31
49 4 45 25 15 34 19 35 32 26
35 21 37 29 3 9 34 7 45 18
31 3 4 6 48 0 15 34 30 32
40 6 42 28 2 39 35 45 7 19
22 21 42 28 1 39 10 19 49 36
43 46 18 9 44 8 34 3 31 28
46 42 34 9 30 4 11 48 45 44
34 46 21 22 32 25 35 20 15 12
40 16 3 32 9 48 27 28 10 34
3 16 28 44 1 21 20 18 42 29
26 44 40 21 30 1 27 11 3 48
49 9 11 34 42 26 48 35 3 29
40 21 27 49 46 22 3 28 32 42
26 37 7 45 29 16 46 31 10 48
40 42 9 37 16 2 43 36 3 26
3 26 29 35 9 28 31 40 25 42
28 35 39 30 12 0 32 43 27 25
16 2 9 27 1 37 43 30 29 40
12 2 48 6 37 45 19 20 26 7
46 35 32 36 10 31 9 45 8 20
10 1 21 0 9 2 28 43 29 4
15 7 37 11 40 26 35 44 10 48
2 21 39 34 31 43 9 45 27 49
32 30 31 9 42 21 12 26 44 22
27 37 0 12 21 22 36 19 26 15
31 3 49 34 9 42 48 22 1 29
1 35 15 16 10 22 37 29 48 25
20 28 1 32 35 6 10 4 0 44
49 4 15 35 0 37 25 12 31 21
31 43 1 45 2 26 32 18 4 15
31 29 36 10 48 46 9 39 22 19
48 15 31 22 42 3 43 12 29 4
36 18 22 6 40 39 49 43 3 37
43 12 20 10 28 30 19 39 0 27
49 7 20 37 44 2 40 4 43 9
26 8 9 2 21 22 18 11 25 36
19 0 42 32 2 46 3 34 36 40
37 29 32 12 6 27 16 2 31 21
21 27 45 15 29 8 31 35 40 48
29 19 42 10 36 12 49 34 1 30
2 39 21 29 20 7 15 49 4 46
15 25 12 49 44 27 43 36 8 3
43 36 45 29 48 20 15 27 21 18
36 8 20 39 48 19 0 30 21 6
6 3 12 42 20 44 25 37 7 31
44 22 43 8 9 39 20 49 3 26
22 12 29 6 18 25 28 44 16 19
30 16 35 29 36 20 40 0 45 19
7 8 31 39 9 11 34 20 21 19
37 12 3 39 21 49 46 11 0 4
46 30 22 48 36 37 11 0 40 39
15 42 48 18 27 39 26 25 31 7
18 19 35 26 34 46 11 22 2 37
9 12 22 28 4 31 20 26 21 42
40 6 43 15 20 26 11 2 10 0
4 37 31 30 32 1 12 19 45 2
21 49 34 46 16 36 1 20 2 42
27 40 12 15 49 8 46 45 18 28
2 4 45 26 11 48 49 40 36 1
8 45 1 44 25 12 2 7 28 30
32 10 29 49 7 8 21 2 40 35
21 44 7 1 3 37 9 10 48 19
42 20 35 16 12 31 19 10 36 1
8 26 44 42 43 29 20 19 37 30
37 29 32 31 25 22 1 12 36 44
12 6 35 27 18 3 15 31 25 29
27 7 28 0 18 36 49 35 16 19
42 36 27 12 4 0 22 25 37 31
37 19 2 49 20 21 12 36 39 35
10 21 25 42 44 34 35 32 3 6
40 26 37 39 32 28 22 16 11 2
36 49 15 18 48 7 37 43 46 29
9 43 2 3 45 46 39 28 32 8
35 31 18 1 16 39 34 27 30 10
11 32 22 40 43 31 39 28 15 8
7 2 12 0 42 19 46 20 49 4
19 3 29 1 30 22 8 42 7 26
6 18 21 15 3 8 9 46 1 27
30 19 26 31 32 35 44 45 43 40
43 3 21 32 2 1 22 49 12 29
11 19 9 32 0 20 35 31 6 49
42 48 21 11 26 4 46 49 29 19
30 44 0 48 31 25 2 49 32 3
30 9 15 21 7 31 22 29 44 26
25 26 34 37 11 4 15 29 30 20
22 49 44 1 3 31 36 35 20 7
43 34 15 26 36 42 22 45 44 8
26 21 18 36 40 42 7 15 48 45
11 48 0 16 43 39 6 32 15 22
34 10 22 2 39 26 49 16 43 30
7 0 6 34 49 1 15 22 19 28
49 6 20 35 11 8 36 40 2 26
7 35 2 3 21 20 10 42 29 1
12 39 48 28 8 27 19 20 43 40
39 0 46 15 35 3 44 42 36 25
22 40 35 7 29 31 34 8 12 0
10 0 2 48 34 25 6 20 40 42
35 31 30 43 40 32 1 27 44 10
37 1 0 9 49 32 28 18 35 40
19 22 11 40 8 1 27 0 34 20
31 3 18 32 22 16 35 34 0 20
10 34 8 40 37 43 4 6 30 19
31 19 6 46 45 44 27 28 42 7
35 34 11 25 27 1 7 16 21 28
31 40 35 19 34 46 27 16 39 44
27 28 9 7 20 3 35 22 29 48
48 9 27 44 11 39 35 29 37 19
0 45 27 20 36 48 34 25 12 46
0 9 16 21 6 44 39 22 4 11
8 9 46 36 32 11 18 31 40 15
2 21 49 45 12 6 18 32 31 40
44 46 40 4 26 3 37 19 30 22
11 9 43 19 32 0 36 12 21 8
27 4 35 42 25 19 22 28 1 44
11 0 20 19 35 30 15 4 32 7
1 43 32 40 42 3 9 10 36 31
39 35 7 31 21 2 4 42 46 16
42 3 45 22 4 20 2 11 15 31
18 46 28 15 1 40 25 49 34 4
35 12 49 0 15 32 37 11 26 28
21 42 28 8 37 35 15 40 10 11
6 26 7 1 36 48 15 2 46 32
29 48 10 3 20 22 49 2 6 0
3 34 30 21 36 42 25 2 32 12
31 9 21 30 43 32 26 16 42 45
15 44 21 39 27 16 8 18 43 42
40 36 21 48 32 7 4 22 2 18
0 18 40 46 44 19 37 26 25 21
27 28 43 48 6 29 8 26 4 35
6 46 32 49 31 44 21 28 36 39
27 4 35 19 9 29 1 7 18 34
22 21 49 12 43 15 6 7 16 4
9 11 40 21 48 31 49 22 30 43
15 48 31 22 19 26 42 9 46 21
26 37 34 39 19 0 9 15 2 42
26 44 37 6 12 22 46 7 3 43
32 16 48 15 4 25 36 35 27 28
34 4 19 12 7 46 21 2 30 11
7 3 1 2 40 48 29 31 19 26
18 0 4 6 29 20 36 46 1 8
36 1 15 6 11 8 4 25 20 34
37 35 10 21 39 32 3 4 11 20
12 27 6 15 44 49 31 32 26 25
2 9 32 46 49 22 37 7 25 30
35 15 40 25 36 20 8 3 32 26
28 30 37 26 18 43 36 15 31 45
15 26 16 32 46 35 20 3 27 48
25 4 11 16 27 2 15 39 30 35
30 31 8 6 21 46 26 12 7 22
21 0 7 1 4 43 29 42 11 12
9 6 29 10 27 3 44 48 8 45
19 29 27 0 18 39 10 2 22 30
32 16 35 4 2 26 21 34 37 10
29 49 15 25 26 48 19 2 34 27
30 18 37 48 9 34 45 1 49 2
27 9 32 20 7 18 12 21 1 36
22 36 31 39 10 30 32 34 25 37
10 36 6 30 45 4 48 15 34 20
11 43 45 26 48 19 40 12 0 37
3 35 7 31 30 44 6 28 21 34
48 20 6 25 45 43 32 1 40 11
1 0 31 46 18 8 40 30 37 25
28 42 31 16 43 35 3 9 11 22
30 0 21 20 36 3 25 8 15 22
19 39 8 34 1 32 0 16 43 31
26 10 21 19 43 25 20 0 32 3
40 37 34 4 43 1 15 20 18 26
48 21 45 1 2 18 25 39 11 44
0 32 40 18 6 36 2 29 19 7
29 30 48 46 45 37 25 40 26 28
46 39 32 1 20 18 45 40 37 43
29 8 35 43 49 22 15 44 1 42
19 44 48 46 42 32 4 34 9 37
16 11 0 9 4 10 39 42 31 21
42 22 43 11 7 21 49 34 19 45
40 19 31 8 42 49 34 29 4 39
22 2 45 35 3 49 36 4 26 12
34 11 28 15 1 44 43 36 16 3
27 32 21 15 20 35 25 9 16 26
25 11 45 34 12 37 39 31 46 7
2 39 22 32 4 35 48 36 20 3
7 11 4 21 0 40 1 36 6 45
32 16 12 40 29 3 26 19 49 27
21 31 28 7 45 36 3 22 49 9
0 45 37 16 49 46 15 3 6 2
0 45 15 35 4 8 25 22 46 37
35 30 15 45 22 0 21 42 31 48
22 21 48 37 25 26 1 15 39 2
40 16 12 42 9 44 22 48 25 35
40 10 21 28 42 18 22 6 44 35
22 49 44 1 40 48 37 26 15 8
20 37 35 25 30 15 16 4 9 2
11 30 37 1 44 6 15 26 40 29
15 19 6 30 42 9 22 26 1 4
8 46 15 40 22 42 36 19 34 48
45 21 42 46 34 1 36 26 27 37
2 39 12 20 4 45 10 6 44 36
31 10 29 28 40 19 22 49 42 4
29 42 25 1 43 39 36 7 9 35
21 6 2 45 4 46 16 44 27 18
45 36 31 1 22 15 26 29 12 28
2 8 20 49 32 15 29 0 36 1
30 25 49 48 40 15 22 31 39 26
35 18 25 19 11 7 46 12 40 30
40 36 8 46 26 35 43 29 0 3
9 1 22 10 37 6 46 26 34 39
16 3 21 19 45 31 11 29 8 43
4 19 11 8 32 2 48 28 36 3
28 11 6 44 31 19 30 4 1 15
20 32 10 30 44 49 19 1 45 6
18 9 12 1 43 34 30 27 45 46
36 27 7 43 11 29 25 19 45 37
19 43 28 20 21 45 9 29 16 36
31 16 40 21 6 20 30 43 11 7
30 18 39 28 48 27 46 16 0 2
40 21 11 26 30 27 35 3 28 42
19 32 21 4 34 42 18 11 0 3
37 12 9 48 21 49 29 26 4 27
25 42 10 2 36 28 4 37 39 18
32 6 49 1 20 43 30 25 12 36
49 2 40 19 31 30 12 34 3 18
20 28 43 34 30 39 16 48 26 46
4 1 32 2 12 25 31 35 46 37
19 0 20 32 9 18 3 2 4 28
37 15 29 4 21 2 42 19 46 10
3 36 16 45 21 30 34 8 25 11
21 48 18 27 39 4 42 25 0 30
49 6 44 22 39 35 46 32 45 12
45 22 48 12 27 4 30 6 1 15
6 42 7 26 30 9 4 10 18 37
48 30 3 21 44 16 25 8 43 34
27 9 11 0 10 39 48 26 28 46
20 36 25 46 39 19 11 32 49 3
36 21 46 22 16 6 25 32 42 10
28 30 39 21 45 25 27 2 37 16
4 27 9 7 2 42 11 43 46 8
30 1 27 46 0 39 7 4 34 2
20 49 21 26 0 29 43 19 2 16
20 7 1 30 6 31 42 12 39 21
40 21 2 18 15 7 30 48 45 19
9 37 16 39 19 18 49 46 4 30
20 9 39 1 19 42 22 7 27 8
43 20 39 34 28 9 7 16 2 42
35 20 10 18 4 34 40 12 48 22
42 4 30 39 8 36 26 27 9 12
11 19 32 10 43 20 25 40 29 28
31 34 35 3 16 28 1 19 18 11
15 18 12 19 4 45 34 6 36 3
35 11 16 1 30 42 12 4 18 39
7 39 11 3 37 31 4 8 29 26
37 11 32 19 46 42 4 20 27 31
2 16 10 39 31 6 8 19 9 30
8 26 31 2 30 44 22 27 39 46
1 49 27 20 4 3 35 43 29 19
4 22 18 40 37 3 20 15 39 8
16 2 43 36 21 46 8 31 6 34
37 11 34 29 30 35 4 16 39 43
37 45 36 43 3 35 44 10 39 48
3 15 49 21 45 48 25 7 32 39
37 40 34 35 39 20 49 29 3 32
6 7 28 49 18 4 22 26 15 10
31 27 10 21 40 32 9 11 28 15
46 45 27 2 20 48 43 32 8 22
40 3 49 4 48 27 10 18 28 12
32 18 10 35 0 49 8 1 30 20
34 25 12 29 19 32 43 3 26 15
11 49 16 27 37 48 35 0 22 6
30 4 26 20 3 35 32 9 49 45
49 31 26 18 40 16 39 7 8 2
3 46 40 30 16 8 0 6 48 29
16 27 40 21 18 46 37 4 12 29
36 11 12 25 20 26 29 31 32 16
42 31 48 1 25 44 28 43 6 49
12 49 45 29 15 11 21 4 35 44
3 16 35 48 40 46 42 7 27 26
26 39 9 10 8 3 21 7 18 37
11 3 30 34 27 22 18 45 43 15
2 39 35 28 16 43 34 18 44 30
4 32 37 45 21 43 46 3 11 31
11 28 48 39 21 2 12 36 20 45
15 20 32 45 0 43 42 39 35 6
34 36 42 37 39 1 45 27 15 43
16 40 7 19 6 25 2 1 36 49
40 18 22 11 35 20 48 42 34 2
19 48 1 35 31 10 12 36 4 9
44 9 12 15 43 36 37 31 1 20
34 11 18 29 2 4 6 0 49 19
15 2 10 12 8 27 18 1 42 35
44 10 43 29 20 2 3 25 6 22
1 27 44 30 12 26 40 21 16 43
42 35 34 1 43 2 3 28 37 22
8 48 37 46 15 34 9 6 16 18
19 3 36 22 25 4 48 20 45 18
3 9 16 30 34 40 42 37 11 2
28 42 2 35 6 34 40 1 37 20
0 48 46 44 22 28 6 2 40 12
40 26 20 3 16 19 30 31 25 1
9 32 46 48 18 8 4 20 10 16
21 32 29 25 34 27 10 22 6 48
22 32 26 7 8 31 9 48 42 43
3 25 42 36 43 44 37 27 15 26
25 22 8 16 19 36 48 34 2 27
36 16 44 35 29 19 46 34 0 18
15 31 8 45 32 26 21 36 37 40
39 27 30 49 10 0 43 6 35 20
44 28 32 39 2 12 43 4 10 9
43 35 10 26 44 12 18 42 29 34
10 49 45 4 1 3 16 31 28 2
21 37 29 11 9 46 35 31 0 6
16 39 20 3 11 30 37 6 48 1
19 40 32 27 49 7 16 39 36 22
49 2 12 19 27 9 43 0 30 21
28 11 22 19 7 15 48 16 42 18
15 29 6 34 3 8 0 37 28 20
1 43 26 44 32 35 40 45 4 36
28 16 6 42 34 46 29 22 11 3
9 25 42 35 11 30 2 34 36 49
26 35 30 10 34 32 8 21 9 19
36 15 29 42 7 45 19 4 39 22
18 9 42 22 29 20 26 25 28 1
18 6 49 32 34 12 29 7 20 45
1 44 25 15 32 36 0 26 22 11
20 19 25 6 16 28 36 46 22 18
11 15 2 4 18 29 32 45 16 9
27 30 32 36 15 10 8 19 18 42
44 9 48 22 4 35 7 32 11 37
42 3 37 12 25 10 45 20 46 16
48 22 26 42 25 4 3 37 18 9
34 30 20 11 44 19 6 43 1 7
44 7 25 8 3 40 48 20 34 36
21 42 11 46 28 32 10 35 29 36
21 43 25 40 37 8 19 28 31 1
21 42 35 32 4 39 6 49 25 15
22 19 43 7 46 36 10 39 25 32
31 30 28 19 39 3 25 44 18 10
21 44 49 12 37 40 9 16 27 43
45 30 7 35 16 43 22 46 18 20
32 36 6 9 19 12 2 43 15 45
43 7 22 32 0 20 45 27 8 49
12 42 6 4 0 1 26 44 27 10
21 40 16 42 43 46 7 25 26 36
18 21 12 10 44 3 27 15 25 6
9 32 31 45 1 21 19 8 20 39
39 35 46 25 2 22 26 1 44 18
34 32 39 37 11 25 49 16 20 29
15 49 19 10 36 16 4 8 26 37
49 1 4 27 6 31 0 46 34 12
10 6 26 19 28 36 9 32 21 40
46 21 12 43 4 39 36 37 34 27
12 7 30 29 0 39 36 10 32 4
0 15 46 49 6 44 9 3 35 28
20 18 26 30 19 28 43 40 34 25
11 25 29 43 48 26 49 30 31 44
20 32 16 4 30 21 29 43 10 36
36 46 37 44 39 9 22 20 49 43
44 6 40 31 43 35 1 8 9 4
6 25 44 34 15 9 10 36 3 7
42 0 29 32 46 48 18 25 35 19
46 20 26 4 37 43 42 39 36 40
29 7 10 26 40 16 3 22 32 12
15 31 48 20 25 8 28 39 18 12
48 12 36 16 2 31 4 15 9 8
34 45 40 44 19 21 43 1 22 31
9 35 27 19 36 6 45 31 0 12
16 1 40 37 35 43 11 12 8 34
34 21 10 36 40 44 45 19 26 4
21 36 48 44 43 8 39 10 32 45
3 32 48 16 44 0 7 1 15 39
30 44 19 39 7 49 45 1 28 9
31 29 7 36 11 48 22 40 42 45
7 15 39 1 36 30 45 46 29 43
30 26 29 42 3 21 19 8 32 35
28 42 30 9 4 37 12 44 1 22
11 9 46 1 15 0 37 12 26 32
2 29 46 20 40 35 1 30 36 3
32 2 25 36 28 43 35 42 7 31
3 34 19 36 16 18 0 31 39 35
36 7 18 42 11 9 43 25 46 37
10 28 9 0 27 31 4 45 25 40
2 3 30 36 11 26 4 21 42 37
6 36 12 22 26 35 4 42 10 48
40 2 34 37 28 32 4 1 20 8
32 31 39 20 3 45 21 25 6 1
12 43 6 34 15 22 16 9 45 27
28 43 0 11 37 35 21 18 42 46
46 11 43 27 16 36 4 42 49 19
11 7 39 43 4 20 12 32 26 35
8 31 48 40 10 11 37 44 9 27
8 27 3 37 34 43 12 18 28 31
31 44 2 28 1 11 34 26 42 3
29 39 6 7 10 11 40 34 32 27
43 39 40 44 16 36 11 4 2 21
48 29 19 21 12 7 31 4 20 32
19 42 37 12 20 22 2 31 1 48
44 1 46 36 34 49 27 21 9 20
45 11 35 30 16 25 8 6 9 3
0 11 37 4 25 48 32 28 21 26
6 37 18 7 19 46 27 2 21 26
10 21 37 48 39 30 49 43 29 20
29 25 49 27 32 8 10 39 20 34
16 19 22 2 40 18 25 43 1 37
32 0 36 18 40 2 29 31 12 25
3 19 25 18 49 31 22 26 6 42
39 15 43 3 31 6 45 8 16 4
19 0 35 44 29 45 10 6 9 8
21 29 43 48 28 37 1 45 34 26
43 9 0 15 42 34 44 28 27 8
12 19 37 43 30 28 35 26 42 2
7 31 9 36 43 42 11 2 21 16
34 6 4 46 2 25 26 48 19 10
25 48 7 12 26 4 1 36 35 0
40 11 6 34 46 42 43 12 22 16
20 22 25 28 48 31 19 35 36 1
26 27 3 6 29 34 25 12 15 10
29 42 48 28 34 37 22 40 7 12
37 1 19 26 12 20 29 21 15 48
22 39 4 36 37 9 43 45 27 49
9 3 15 1 6 21 22 43 37 36
36 37 44 43 25 10 3 12 0 7
30 40 35 21 44 2 18 11 43 7
19 43 37 6 9 46 28 0 30 25
11 18 10 43 42 21 22 27 40 28
32 29 10 49 34 9 8 2 6 25
32 42 27 1 2 46 39 6 31 37
28 12 0 19 29 20 25 43 45 9
37 28 30 42 18 31 19 0 21 39
43 48 42 0 19 37 1 9 15 12
45 48 27 0 43 8 12 44 30 16
39 45 1 30 44 26 36 7 46 37
40 8 18 4 1 7 36 16 37 11
48 3 25 10 42 11 21 45 28 34
28 15 7 21 12 43 18 31 27 19
18 31 35 45 20 7 25 43 1 29
21 49 35 9 32 46 27 30 15 8
21 12 0 37 7 48 25 40 45 34
32 26 49 36 1 25 48 39 30 28
26 36 27 31 28 4 22 7 21 43
36 4 25 37 3 2 35 31 29 7
21 31 49 11 27 45 39 36 22 29
19 37 39 0 6 16 43 28 18 40
25 30 12 4 18 43 3 46 37 15
25 42 45 34 44 49 31 40 32 18
3 45 32 40 31 26 9 36 37 22
1 26 36 35 27 16 34 22 39 44
1 26 46 0 6 32 20 15 31 16
42 21 11 31 10 30 39 20 45 3
0 40 45 4 34 21 18 8 10 28
18 10 26 4 9 40 27 6 46 22
22 4 37 49 18 25 26 42 29 35
12 11 20 28 22 3 1 42 49 43
15 34 32 3 45 40 48 18 22 10
11 25 28 19 35 36 32 12 8 40
18 16 22 26 19 36 20 27 42 32
18 8 45 16 20 32 27 19 49 40
22 18 0 3 39 42 37 31 49 29
12 10 45 7 42 9 39 29 8 36
21 20 34 16 3 2 37 43 4 1
19 26 0 22 8 11 4 9 29 36
4 45 9 18 39 48 42 19 37 6
25 49 35 10 11 40 0 19 16 18
10 7 42 43 22 6 16 21 1 32
48 25 0 32 3 6 12 20 43 31
45 19 29 37 42 6 18 3 16 10
6 9 10 22 42 28 8 48 32 0
29 11 48 15 31 26 0 6 46 22
18 0 6 21 40 8 30 2 34 10
36 15 26 2 48 27 39 42 16 31
10 43 30 45 32 44 3 40 28 29
49 6 29 20 36 42 34 9 28 0
0 26 15 6 19 7 12 31 25 37
11 6 37 15 9 46 2 40 12 45
4 15 49 12 10 40 36 28 39 1
37 4 27 35 26 1 7 40 42 48
31 36 32 6 20 28 7 10 2 8
49 10 37 40 31 15 6 36 11 43
34 46 49 27 25 35 29 1 11 45
45 3 36 19 11 1 20 8 18 10
4 45 2 44 0 34 6 26 28 22
19 4 37 2 1 27 42 46 49 15
27 9 0 39 46 45 37 28 2 36
28 10 43 31 44 29 37 46 6 19
37 42 32 4 6 16 40 49 19 10
40 4 7 43 29 6 42 34 20 28
15 2 18 9 22 48 36 25 20 45
15 20 30 16 12 10 22 49 36 2
39 43 15 2 21 0 34 40 37 18
43 27 29 31 40 44 10 46 12 20
40 43 48 34 22 30 7 12 15 16
21 8 36 48 7 46 32 9 25 11
32 7 8 35 28 18 37 31 19 10
43 21 36 28 22 12 0 27 30 39
18 15 39 49 48 44 6 43 20 27
9 45 7 27 30 12 1 26 35 29
16 31 9 8 43 35 1 6 2 12
7 48 25 34 36 32 15 12 19 21
11 29 48 49 6 34 28 15 4 31
11 35 6 0 9 40 26 18 20 12
48 39 1 45 42 3 40 11 29 37
27 35 2 4 3 40 42 0 10 16
34 21 25 15 22 12 27 42 11 30
49 3 37 6 27 34 44 16 35 46
3 39 6 12 27 30 18 49 40 4
39 49 29 46 18 22 36 20 25 1
15 36 26 0 20 10 28 42 37 34
36 21 29 15 30 4 16 2 11 9
9 20 1 16 35 18 22 11 43 28
21 43 2 45 22 34 8 37 4 27
28 31 37 27 46 1 45 4 19 48
36 18 29 37 15 8 46 39 3 35
8 15 45 6 48 32 11 0 35 29
11 48 19 29 36 8 6 15 40 3
31 18 22 19 15 27 2 0 11 34
36 3 25 26 48 10 1 2 6 9
1 4 29 34 0 9 26 19 22 31
36 44 49 30 7 15 45 48 9 34
42 19 1 26 18 44 12 8 35 20
30 28 7 37 18 25 11 8 15 6
11 45 25 9 21 34 39 28 29 8
27 44 0 15 7 45 1 30 26 39
43 6 0 12 8 26 25 30 40 35
16 22 0 6 8 11 34 45 18 46
9 12 35 37 2 40 43 27 44 46
39 11 45 42 28 48 1 7 8 43
22 32 9 3 0 30 25 18 49 16
12 20 16 10 8 31 25 49 35 7
29 3 26 16 34 39 30 42 19 18
0 48 1 22 28 12 4 45 9 8
12 7 32 16 2 48 40 19 25 10
45 40 35 18 3 26 28 31 7 8
37 16 11 20 12 9 0 18 6 25
2 29 7 21 30 0 8 27 25 42
25 35 27 44 40 34 7 32 30 39
31 44 26 40 16 15 10 27 11 22
31 45 15 30 19 29 2 8 26 9
1 10 35 30 12 49 16 40 37 27
18 21 37 46 30 25 26 6 43 11
27 4 3 2 11 39 15 16 34 45
27 11 28 44 32 4 42 20 18 9
7 39 29 6 32 31 21 18 0 9
44 0 40 49 1 35 18 34 28 37
32 18 3 9 31 44 0 40 11 27
16 18 45 39 46 3 2 25 34 10
39 40 15 2 12 0 16 22 26 3
44 10 34 42 3 39 32 0 7 27
4 9 0 40 46 49 30 26 18 44
42 35 9 39 43 34 27 37 40 10
0 1 18 7 48 43 25 27 10 2
28 26 4 12 7 1 29 11 18 30
1 15 49 30 7 6 18 3 11 46
49 2 22 3 39 20 0 43 31 4
49 26 4 46 18 7 27 44 3 9
9 20 28 45 37 16 27 0 34 11
25 31 3 40 2 44 39 16 7 15
22 27 2 7 0 11 39 37 10 40
44 29 9 6 1 20 10 42 45 35
20 45 10 3 12 1 7 6 11 35
49 42 2 39 8 26 12 31 44 0
4 2 28 20 45 31 42 35 10 46
8 9 6 15 45 4 27 12 1 3
6 25 10 34 20 8 22 0 3 27
40 34 15 45 20 6 11 9 48 28
27 28 29 22 16 35 48 20 25 49
34 26 1 44 46 42 15 48 39 25
49 11 22 7 2 34 25 8 1 6
20 2 8 22 30 34 1 11 7 29
31 35 6 12 49 27 34 45 1 20
11 7 3 30 12 2 8 46 20 42
28 20 26 35 34 8 3 31 12 45
30 10 29 44 6 26 28 3 48 16
16 42 2 29 35 45 12 20 10 49
11 31 39 26 28 6 45 42 12 1
1 48 49 10 46 26 12 25 44 39
3 25 11 46 20 35 30 45 2 6
7 6 15 35 30 16 34 3 49 31
48 15 25 12 28 7 31 26 35 49
42 6 39 46 22 26 16 28 45 44
28 46 0 3 25 6 1 16 8 26
46 3 30 29 25 22 44 2 49 8
3 10 45 26 7 39 48 6 12 29
29 16 46 28 25 44 1 6 34 22
25 28 44 16 49 12 34 29 45 8
25 11 1 10 42 45 49 7 26 16
1 2 48 30 28 22 29 45 10 34
0 28 16 39 26 42 44 48 25 30
11 8 48 39 7 44 45 0 16 22
1 29 8 48 0 22 45 2 30 31
31 8 0 16 39 44 28 29 2 10
10 25 49 0 34 48 28 44 16 11
49 48 25 2 39 44 7 34 45 22
8 25 30 29 7 34 2 1 49 22
10 44 29 16 22 0 7 48 30 11
48 49 0 30 22 11 2 31 7 28
30 28 44 29 16 39 25 8 7 2
29 30 8 39 7 25 10 28 2 16
11 8 49 22 7 28 30 34 16 44
25 11 10 30 22 2 8 49 44 7
30 28 34 25 22 44 49 8 10 16